N=4 atoms=3
order: 0 H 1
tree:  ((0,H),1)

N=8 atoms=5
order: 1 2 0 H 3
tree:  ((1,2),((0,H),3))

N=16 atoms=9
order: 3 4 5 6 1 2 0 H 7
tree:  (((3,4),(5,6)),((1,2),((0,H),7)))

N=32 atoms=17
order: 5 6 7 8 9 10 11 12 1 2 3 4 13 14 0 H 15
tree:  ((((5,6),(7,8)),((9,10),(11,12))),(((1,2),(3,4)),((13,14),((0,H),15))))

N=64 atoms=33
order: 9 10 11 12 13 14 15 16 17 18 19 20 21 22 23 24 1 2 3 4 5 6 7 8 27 28 29 30 25 26 0 H 31
tree:  (((((9,10),(11,12)),((13,14),(15,16))),(((17,18),(19,20)),((21,22),(23,24)))),((((1,2),(3,4)),((5,6),(7,8))),(((27,28),(29,30)),((25,26),((0,H),31)))))

N=128 atoms=65
order: 17 18 19 20 21 22 23 24 25 26 27 28 29 30 31 32 33 34 35 36 ... 58 59 60 49 50 51 52 61 62 0 H 63
tree:  ((((((17,18),(19,20)),((21,22),(23,24))),(((25,26),(27,28)),((29,30),(31,32)))),((((33,34),(35,36)),((37,38),(39,40))),(((41,42),(43,44)),((45,46),(47,48))))),(((((1,2),(3,4)),((5,6),(7,8))),(((9,10),(11,12)),((13,14),(15,16)))),((((53,54),(55,56)),((57,58),(59,60))),(((49,50),(51,52)),((61,62),((0,H),63))))))

N=256 atoms=129
order: 33 34 35 36 37 38 39 40 41 42 43 44 45 46 47 48 49 50 51 52 ... 102 103 104 123 124 125 126 121 122 0 H 127
tree:  (((((((33,34),(35,36)),((37,38),(39,40))),(((41,42),(43,44)),((45,46),(47,48)))),((((49,50),(51,52)),((53,54),(55,56))),(((57,58),(59,60)),((61,62),(63,64))))),(((((65,66),(67,68)),((69,70),(71,72))),(((73,74),(75,76)),((77,78),(79,80)))),((((81,82),(83,84)),((85,86),(87,88))),(((89,90),(91,92)),((93,94),(95,96)))))),((((((1,2),(3,4)),((5,6),(7,8))),(((9,10),(11,12)),((13,14),(15,16)))),((((17,18),(19,20)),((21,22),(23,24))),(((25,26),(27,28)),((29,30),(31,32))))),(((((105,106),(107,108)),((109,110),(111,112))),(((113,114),(115,116)),((117,118),(119,120)))),((((97,98),(99,100)),((101,102),(103,104))),(((123,124),(125,126)),((121,122),((0,H),127)))))))

N=512 atoms=257
order: 65 66 67 68 69 70 71 72 73 74 75 76 77 78 79 80 81 82 83 84 ... 250 251 252 241 242 243 244 253 254 0 H 255
tree:  ((((((((65,66),(67,68)),((69,70),(71,72))),(((73,74),(75,76)),((77,78),(79,80)))),((((81,82),(83,84)),((85,86),(87,88))),(((89,90),(91,92)),((93,94),(95,96))))),(((((97,98),(99,100)),((101,102),(103,104))),(((105,106),(107,108)),((109,110),(111,112)))),((((113,114),(115,116)),((117,118),(119,120))),(((121,122),(123,124)),((125,126),(127,128)))))),((((((129,130),(131,132)),((133,134),(135,136))),(((137,138),(139,140)),((141,142),(143,144)))),((((145,146),(147,148)),((149,150),(151,152))),(((153,154),(155,156)),((157,158),(159,160))))),(((((161,162),(163,164)),((165,166),(167,168))),(((169,170),(171,172)),((173,174),(175,176)))),((((177,178),(179,180)),((181,182),(183,184))),(((185,186),(187,188)),((189,190),(191,192))))))),(((((((1,2),(3,4)),((5,6),(7,8))),(((9,10),(11,12)),((13,14),(15,16)))),((((17,18),(19,20)),((21,22),(23,24))),(((25,26),(27,28)),((29,30),(31,32))))),(((((33,34),(35,36)),((37,38),(39,40))),(((41,42),(43,44)),((45,46),(47,48)))),((((49,50),(51,52)),((53,54),(55,56))),(((57,58),(59,60)),((61,62),(63,64)))))),((((((209,210),(211,212)),((213,214),(215,216))),(((217,218),(219,220)),((221,222),(223,224)))),((((225,226),(227,228)),((229,230),(231,232))),(((233,234),(235,236)),((237,238),(239,240))))),(((((193,194),(195,196)),((197,198),(199,200))),(((201,202),(203,204)),((205,206),(207,208)))),((((245,246),(247,248)),((249,250),(251,252))),(((241,242),(243,244)),((253,254),((0,H),255))))))))

N=1024 atoms=513
order: 129 130 131 132 133 134 135 136 137 138 139 140 141 142 143 144 145 146 147 148 ... 486 487 488 507 508 509 510 505 506 0 H 511
tree:  (((((((((129,130),(131,132)),((133,134),(135,136))),(((137,138),(139,140)),((141,142),(143,144)))),((((145,146),(147,148)),((149,150),(151,152))),(((153,154),(155,156)),((157,158),(159,160))))),(((((161,162),(163,164)),((165,166),(167,168))),(((169,170),(171,172)),((173,174),(175,176)))),((((177,178),(179,180)),((181,182),(183,184))),(((185,186),(187,188)),((189,190),(191,192)))))),((((((193,194),(195,196)),((197,198),(199,200))),(((201,202),(203,204)),((205,206),(207,208)))),((((209,210),(211,212)),((213,214),(215,216))),(((217,218),(219,220)),((221,222),(223,224))))),(((((225,226),(227,228)),((229,230),(231,232))),(((233,234),(235,236)),((237,238),(239,240)))),((((241,242),(243,244)),((245,246),(247,248))),(((249,250),(251,252)),((253,254),(255,256))))))),(((((((257,258),(259,260)),((261,262),(263,264))),(((265,266),(267,268)),((269,270),(271,272)))),((((273,274),(275,276)),((277,278),(279,280))),(((281,282),(283,284)),((285,286),(287,288))))),(((((289,290),(291,292)),((293,294),(295,296))),(((297,298),(299,300)),((301,302),(303,304)))),((((305,306),(307,308)),((309,310),(311,312))),(((313,314),(315,316)),((317,318),(319,320)))))),((((((321,322),(323,324)),((325,326),(327,328))),(((329,330),(331,332)),((333,334),(335,336)))),((((337,338),(339,340)),((341,342),(343,344))),(((345,346),(347,348)),((349,350),(351,352))))),(((((353,354),(355,356)),((357,358),(359,360))),(((361,362),(363,364)),((365,366),(367,368)))),((((369,370),(371,372)),((373,374),(375,376))),(((377,378),(379,380)),((381,382),(383,384)))))))),((((((((1,2),(3,4)),((5,6),(7,8))),(((9,10),(11,12)),((13,14),(15,16)))),((((17,18),(19,20)),((21,22),(23,24))),(((25,26),(27,28)),((29,30),(31,32))))),(((((33,34),(35,36)),((37,38),(39,40))),(((41,42),(43,44)),((45,46),(47,48)))),((((49,50),(51,52)),((53,54),(55,56))),(((57,58),(59,60)),((61,62),(63,64)))))),((((((65,66),(67,68)),((69,70),(71,72))),(((73,74),(75,76)),((77,78),(79,80)))),((((81,82),(83,84)),((85,86),(87,88))),(((89,90),(91,92)),((93,94),(95,96))))),(((((97,98),(99,100)),((101,102),(103,104))),(((105,106),(107,108)),((109,110),(111,112)))),((((113,114),(115,116)),((117,118),(119,120))),(((121,122),(123,124)),((125,126),(127,128))))))),(((((((417,418),(419,420)),((421,422),(423,424))),(((425,426),(427,428)),((429,430),(431,432)))),((((433,434),(435,436)),((437,438),(439,440))),(((441,442),(443,444)),((445,446),(447,448))))),(((((449,450),(451,452)),((453,454),(455,456))),(((457,458),(459,460)),((461,462),(463,464)))),((((465,466),(467,468)),((469,470),(471,472))),(((473,474),(475,476)),((477,478),(479,480)))))),((((((385,386),(387,388)),((389,390),(391,392))),(((393,394),(395,396)),((397,398),(399,400)))),((((401,402),(403,404)),((405,406),(407,408))),(((409,410),(411,412)),((413,414),(415,416))))),(((((489,490),(491,492)),((493,494),(495,496))),(((497,498),(499,500)),((501,502),(503,504)))),((((481,482),(483,484)),((485,486),(487,488))),(((507,508),(509,510)),((505,506),((0,H),511)))))))))


STDERR:
Spreadsheet runtime warmup failed during python startup
Traceback (most recent call last):
  File "/tmp/tmp.9eeVjt35CN/artifact_tool_v2-2.7.5/artifact_tool/patches/warm_spreadsheet_runtime_on_startup.py", line 26, in warm_spreadsheet_runtime_on_startup
  File "/tmp/tmp.9eeVjt35CN/artifact_tool_v2-2.7.5/artifact_tool/spreadsheet_warmup.py", line 785, in warm_spreadsheet_runtime
  File "/tmp/tmp.9eeVjt35CN/artifact_tool_v2-2.7.5/artifact_tool/spreadsheet_warmup.py", line 720, in _warm_feature_flows
  File "/tmp/tmp.9eeVjt35CN/artifact_tool_v2-2.7.5/artifact_tool/spreadsheet_warmup.py", line 704, in _warm_collaboration_flows
  File "/tmp/tmp.9eeVjt35CN/artifact_tool_v2-2.7.5/artifact_tool/generated/interface/models.py", line 48821, in hydrate_crdt_from_proto
  File "/tmp/tmp.9eeVjt35CN/artifact_tool_v2-2.7.5/artifact_tool/rpc/remote.py", line 747, in __call__
  File "/tmp/tmp.9eeVjt35CN/artifact_tool_v2-2.7.5/artifact_tool/rpc/client.py", line 150, in call
artifact_tool.rpc.client.RemoteError: hydrateCrdtFromProto requires an empty collaborative document.
